{
    "AIzaSyASrhqIN21ZgzQ-rwGewHF90ZUgq5FeY-0": 1776167897.950239,
    "AIzaSyDqiuISAFFXrnk6Cb2uurnsDt26ethiLN4": 1776167874.34114,
    "AIzaSyDFT-73SgEZP6TKmFVC2M3-3TaLO8uPBlA": 1776167572.659092,
    "AIzaSyCyLzd2xJNg8L8xEtH3ILcL2O2fL0v5rJ8": 1776167979.5010712,
    "AIzaSyDmA-0UbWgGmyL4PIeGxekxAg1dsj9Ujqw": 1776167853.186771
}